LWE-75-0.010: [2169 2486 355 1077 4198 4089 5501 3657 5141 5618 1542 1388 3311 261 3305 767 5298 1113 3901 1322 2860 2945 3091 1922 5313 1681 2750 4585 607 3203 2054 3074 3669 65 194 3082 1726 2716 1030 960 3420 2136 5161 2413 522 3791 1943 4325 3254 835 5618 335 5225 4410 3617 4236 4190 1053 3521 3375 158 1639 767 5101 3981 4596 2543 1250 5515 5097 5241 3991 2655 382 1876]

LWE-65-0.015: [2801 3141 4208 1515 3220 129 3691 2055 948 3154 727 476 1005 1832 1325 241 203 943 1059 1500 2352 71 2011 1027 2772 2301 4124 3617 2271 3935 1619 1276 573 2319 1917 2734 2392 3172 165 829 2972 2351 1669 1814 1205 4169 2070 901 4092 449 123 2358 2577 2699 258 3404 3424 2437 2406 3104 3335 1010 966 2812 4140]

LWE-45-0.035: [1635 312 1536 1180 158 319 1028 117 1113 760 649 12 1383 411 35 323 1399 97 168 1666 796 724 1451 1670 1830 1031 1863 165 52 614 146 813 1492 616 119 1331 1595 1803 1226 1095 1326 847 963 1085 2016]

LWE-40-0.045: [1098 1576 665 1013 229 809 1271 1096 1472 273 1393 1239 1436 192 880 997 1554 1039 1111 1215 149 137 984 1186 573 1401 1 163 191 358 607 1344 495 190 980 886 865 434 1305 1309]



possible sol: L_187_0, length = 3591.26, vec = [117 851 -219 243 -484 432 -37 -6 -64 54 -104 54 133 -520 -174 198 297 -344 95 -14 -225 110 -162 191 108 4 -482 507 -325 318 68 61 443 -93 -107 138 -284 -83 -26 -40 -33 166 -420 -289 -150 216 -173 114 -197 589 -252 -294 -100 114 379 43 147 122 -227 20 -158 -125 68 -118 -217 153 -383 107 76 224 -270 558 210 203 282 414 -271 297 64 35 -216 415 37 -291 -245 552 360 111 613 447 71 -329 359 199 277 36 -188 -69 189 137 -399 -65 219 -53 166 -140 194 156 -49 -74 -87 -421 -73 -238 442 435 153 57 -71 -140 78 197 7 -529 171 -97 -343 -467 404 202 -474 -44 120 -169 94 -71 84 401 272 -329 -227 -467 -148 -184 94 -338 -96 98 -265 151 -544 300 42 224 -416 -229 268 -55 -165 304 -241 -83 233 -39 -5 -8 -296 182 -224 -580 238 358 -13 196 -10 -61 107 88 -297 207 -542 -301 -75 22 150 408 222]

possible sol: L_200_0, length = 3722.66, vec = [319 -363 -315 -27 15 120 2 -35 -320 -528 -312 210 324 155 454 174 167 -82 336 207 -244 168 -416 312 99 182 -184 -39 -148 -94 -83 -252 23 197 87 -102 -258 -155 222 82 -6 -171 -366 351 294 26 115 88 431 390 -78 -45 2 -72 12 310 547 -20 63 49 315 290 166 -274 112 -49 -230 -253 -118 133 -459 -95 24 -63 -84 34 -23 329 -129 -177 247 387 142 -45 49 -268 336 -386 -286 -209 -64 10 422 141 12 -175 19 246 -289 -212 162 -77 182 452 -202 232 93 -185 250 -40 266 73 -355 311 102 -439 -287 -109 -491 187 531 -194 634 -108 367 -324 247 -309 160 218 -322 -309 -487 119 136 -478 616 100 167 559 250 -353 -370 117 -544 116 -55 -37 -302 -346 27 -60 45 -245 -122 0 552 288 -87 21 -248 472 -178 -199 -80 248 -148 -120 -217 134 274 -745 -430 -80 590 -120 -110 229 -97 133 30 76 33 -210 -69 -262 -408 193 -126 209 198 446 459 -585 191 147 -55 -423 -54 224]

possible sol: L_210_0, length = 3807.61, vec = [495 128 -127 417 596 -29 26 -48 493 -270 -214 -98 194 1 -50 465 -250 124 78 233 -50 419 25 223 -215 537 -68 -389 -339 229 -401 -51 -118 192 188 456 -354 477 -250 167 286 38 98 83 27 182 -212 70 -17 -19 -121 -402 560 -212 -59 -397 -159 391 -61 -135 7 -191 176 -478 330 48 90 -299 158 -238 -138 -168 -224 -350 67 151 -448 -52 -338 162 -85 -210 194 68 183 158 39 -34 -15 -148 329 221 -149 272 275 -93 -157 316 -507 214 -368 15 -271 636 -141 541 -84 205 15 45 102 211 95 367 175 95 138 -170 -283 243 -13 363 -358 -204 -22 -224 359 -248 -168 216 319 283 85 440 322 -43 -631 -261 -281 72 -569 4 71 -203 272 -117 92 316 286 212 -78 -16 462 -47 -42 34 -357 333 795 -209 -183 -107 245 22 173 127 -13 253 460 174 -313 178 187 201 -142 33 -274 239 386 -250 -76 34 -533 -282 -220 51 99 99 10 463 46 192 -69 -25 -392 -33 -326 306 -411 318 114 146 -62 475 -511 11 180 217 198 -220]
